228
1058
1088
1103
1073
1074
1072
32
1076
1072
32
1089
1077
32
1087
1088
1080
1073
1077
1088
1077
1096
32
1074
32
1082
1098
1097
1080
44
32
1085
1086
32
1076
1078
1091
1085
1075
1083
1072
1090
1072
32
1077
32
1087
1098
1083
1085
1072
32
1089
32
1088
1072
1079
1083
1080
1095
1085
1080
13
10
1095
1091
1076
1086
1074
1080
1097
1072
46
32
1059
1087
1088
1072
1074
1083
1103
1074
1072
1096
32
1089
1098
1089
32
1089
1090
1088
1077
1083
1082
1080
1090
1077
32
1080
32
1089
1090
1088
1077
1083
1103
1096
32
1089
1098
1089
32
83
80
65
67
69
46
13
10
1040
1082
1086
32
1085
1103
1084
1072
32
1095
1091
1076
1086
1074
1080
1097
1072
44
32
1085
1077
32
1084
1086
1078
1077
1096
32
1076
1072
32
1089
1090
1088
1077
1083
1103
1096
46
32
1042
1085
1080
1084
1072
1074
1072
1081
32
1079
1072
32
1077
1079
1077
1088
1072
44
13
10
1073
1083
1072
1090
1072
32
1080
32
1082
1072
1087
1072
1085
1080
46
32
1055
1086
32
1087
1098
1090
1103
32
1090
1080
32
1097
1077
32
1089
1088
1077
1097
1072
1096
32
1080
32
1073
1086
1085
1091
1089
1080
46
13
10
0
