159
1
0
0
164
0
0
1076
1072
1085
1080
1077
1083
1095
1086
0
65278
65278
65278
65278
65278
65278
65278
1
0
2
0
-839.558
475
0
-458.069
475
2
0
549.192
309.246
80
1
1004.34
476.001
60
54
0
-910.779
550
0
-860.777
550
0
-810.774
550
0
-760.771
550
0
-710.769
550
0
-660.766
550
0
-610.764
550
0
-560.761
550
0
-510.759
550
0
-460.756
550
0
-410.754
550
0
-360.751
550
0
-310.747
550
0
-260.746
550
0
-210.744
550
0
-160.742
550
0
-110.74
550
0
-60.7382
550
0
-10.7361
550
0
39.2659
550
0
89.2679
550
0
139.27
550
0
189.272
550
0
239.274
550
0
289.276
550
0
339.279
550
0
389.281
550
0
439.284
550
0
489.286
550
0
539.289
550
0
589.291
550
0
639.294
550
0
689.296
550
0
739.299
550
0
789.301
550
0
839.304
550
0
889.306
550
0
939.309
550
0
989.312
550
0
1039.31
550
0
1089.31
550
0
1139.31
550
0
1189.31
550
0
1239.31
550
0
1289.31
550
0
1339.31
550
0
1389.31
550
0
1439.31
550
0
1489.31
550
0
1539.31
550
0
1589.31
550
0
1639.31
550
0
1689.31
550
0
1739.31
550
429.159
500
100
1
50
